TEMP	MOLEFRAC ACETO-01	TOTAL PRES	TOTAL KVL ACETO-01	TOTAL KVL ETHAN-01	LIQUID1 GAMMA ACETO-01	LIQUID1 GAMMA ETHAN-01	LIQUID2 GAMMA ACETO-01	LIQUID2 GAMMA ETHAN-01	TOTAL KVL2 ACETO-01	TOTAL KVL2 ETHAN-01	TOTAL BETA	VAPOR MOLEFRAC ACETO-01	VAPOR MOLEFRAC ETHAN-01	LIQUID1 MOLEFRAC ACETO-01	LIQUID1 MOLEFRAC ETHAN-01	LIQUID2 MOLEFRAC ACETO-01	LIQUID2 MOLEFRAC ETHAN-01
49.3	0	0.286179	0.481711	1	0.172958	1					1	0	1	0	1		
49.3	0.02	0.283217	0.526461	1.00966	0.187069	0.999211					1	0.0105292	0.989471	0.02	0.98		
49.3	0.04	0.280308	0.573604	1.01777	0.201727	0.996885					1	0.0229441	0.977056	0.04	0.96		
49.3	0.06	0.277522	0.622992	1.02406	0.216918	0.993084					1	0.0373795	0.96262	0.06	0.94		
49.3	0.08	0.274926	0.674422	1.02831	0.232629	0.987874					1	0.0539537	0.946046	0.08	0.92		
49.3	0.1	0.272583	0.727624	1.03026	0.248841	0.981315					1	0.0727624	0.927238	0.1	0.9		
49.3	0.12	0.270555	0.782267	1.02969	0.265538	0.973472					1	0.0938721	0.906128	0.12	0.88		
49.3	0.14	0.2689	0.837954	1.02638	0.2827	0.964406					1	0.117314	0.882686	0.14	0.86		
49.3	0.16	0.267673	0.894226	1.02015	0.300309	0.954179					1	0.143076	0.856924	0.16	0.84		
49.3	0.18	0.266928	0.950571	1.01085	0.318343	0.942851					1	0.171103	0.828897	0.18	0.82		
49.3	0.2	0.266714	1.00643	0.998392	0.33678	0.930482					1	0.201287	0.798713	0.2	0.8		
49.3	0.22	0.267076	1.06123	0.982732	0.355598	0.917132					1	0.23347	0.76653	0.22	0.78		
49.3	0.24	0.268059	1.11435	0.96389	0.374772	0.902858					1	0.267444	0.732556	0.24	0.76		
49.3	0.26	0.269702	1.16521	0.941955	0.394278	0.887718					1	0.302954	0.697046	0.26	0.74		
49.3	0.28	0.27204	1.21324	0.917075	0.41409	0.871767					1	0.339706	0.660294	0.28	0.72		
49.3	0.3	0.275109	1.25791	0.889467	0.434181	0.855059					1	0.377374	0.622626	0.3	0.7		
49.3	0.32	0.278937	1.29878	0.8594	0.454524	0.83765					1	0.415609	0.584391	0.32	0.68		
49.3	0.34	0.28355	1.33545	0.827192	0.475088	0.819592					1	0.454054	0.545946	0.34	0.66		
49.3	0.36	0.288971	1.36765	0.793198	0.495844	0.800936					1	0.492354	0.507646	0.36	0.64		
49.3	0.38	0.29522	1.39518	0.757796	0.516762	0.781734					1	0.530167	0.469833	0.38	0.62		
49.3	0.4	0.30231	1.41794	0.721374	0.537807	0.762036					1	0.567176	0.432824	0.4	0.6		
49.3	0.42	0.310255	1.43594	0.68432	0.558948	0.74189					1	0.603095	0.396905	0.42	0.58		
49.3	0.44	0.319061	1.44927	0.647004	0.580148	0.721344					1	0.637678	0.362322	0.44	0.56		
49.3	0.46	0.328733	1.45809	0.609776	0.601373	0.700447					1	0.670721	0.329279	0.46	0.54		
49.3	0.48	0.33927	1.46264	0.572952	0.622583	0.679243					1	0.702065	0.297935	0.48	0.52		
49.3	0.5	0.350667	1.46319	0.536814	0.643741	0.65778					1	0.731593	0.268407	0.5	0.5		
49.3	0.52	0.362917	1.46006	0.5016	0.664805	0.636102					1	0.759232	0.240768	0.52	0.48		
49.3	0.54	0.376005	1.4536	0.467511	0.685733	0.614252					1	0.784945	0.215055	0.54	0.46		
49.3	0.56	0.389914	1.44416	0.434704	0.706481	0.592276					1	0.80873	0.19127	0.56	0.44		
49.3	0.58	0.404622	1.43209	0.403299	0.727004	0.570215					1	0.830614	0.169386	0.58	0.42		
49.3	0.6	0.420101	1.41774	0.373382	0.747253	0.548111					1	0.850647	0.149353	0.6	0.4		
49.3	0.62	0.436319	1.40145	0.345006	0.767179	0.526007					1	0.868898	0.131102	0.62	0.38		
49.3	0.64	0.453238	1.38352	0.318195	0.78673	0.503943					1	0.88545	0.11455	0.64	0.36		
49.3	0.66	0.470814	1.36424	0.292954	0.805852	0.48196					1	0.900396	0.0996044	0.66	0.34		
49.3	0.68	0.489001	1.34388	0.269265	0.824488	0.460098					1	0.913835	0.0861646	0.68	0.32		
49.3	0.7	0.507741	1.32267	0.247094	0.84258	0.438396					1	0.925872	0.0741281	0.7	0.3		
49.3	0.72	0.526975	1.30085	0.226398	0.860066	0.416892					1	0.936609	0.0633913	0.72	0.28		
49.3	0.74	0.546635	1.27858	0.207122	0.876882	0.395626					1	0.946148	0.0538515	0.74	0.26		
49.3	0.76	0.566648	1.25604	0.189205	0.892962	0.374634					1	0.954591	0.0454091	0.76	0.24		
49.3	0.78	0.586931	1.23337	0.172583	0.908234	0.353954					1	0.962032	0.0379681	0.78	0.22		
49.3	0.8	0.607398	1.2107	0.157188	0.922628	0.333621					1	0.968563	0.0314375	0.8	0.2		
49.3	0.82	0.627952	1.18813	0.142951	0.936067	0.313671					1	0.974269	0.0257311	0.82	0.18		
49.3	0.84	0.648489	1.16575	0.129804	0.948472	0.294139					1	0.979231	0.0207686	0.84	0.16		
49.3	0.86	0.668899	1.14363	0.11768	0.959761	0.275059					1	0.983525	0.0164752	0.86	0.14		
49.3	0.88	0.689062	1.12184	0.106514	0.96985	0.256464					1	0.987218	0.0127816	0.88	0.12		
49.3	0.9	0.708849	1.10042	0.0962418	0.978649	0.238385					1	0.990376	0.00962418	0.9	0.1		
49.3	0.92	0.728124	1.07941	0.0868034	0.986067	0.220853					1	0.993056	0.00694428	0.92	0.08		
49.3	0.94	0.74674	1.05884	0.0781414	0.99201	0.203898					1	0.995312	0.00468849	0.94	0.06		
49.3	0.96	0.764543	1.03874	0.0702013	0.99638	0.187547					1	0.997192	0.00280805	0.96	0.04		
49.3	0.98	0.78137	1.01912	0.0629317	0.999078	0.171826					1	0.998741	0.00125864	0.98	0.02		
49.3	1	0.797047	1	0.0562844	1	0.15676					1	1	0	1	0		